0.00000000e+00
1.50000000e-01
3.00000000e-01
4.50000000e-01
6.00000000e-01
7.50000000e-01
9.00000000e-01
1.05000000e+00
1.20000000e+00
1.35000000e+00
1.50000000e+00
1.65000000e+00
1.80000000e+00
1.95000000e+00
2.10000000e+00
2.25000000e+00
2.40000000e+00
2.55000000e+00
2.70000000e+00
2.85000000e+00
3.00000000e+00
3.15000000e+00
3.30000000e+00
3.45000000e+00
3.60000000e+00
3.75000000e+00
3.90000000e+00
4.05000000e+00
4.20000000e+00
4.35000000e+00
4.50000000e+00
4.65000000e+00
4.80000000e+00
4.95000000e+00
5.10000000e+00
5.25000000e+00
5.40000000e+00
5.55000000e+00
5.70000000e+00
5.85000000e+00
6.00000000e+00
6.15000000e+00
6.30000000e+00
6.45000000e+00
6.60000000e+00
6.75000000e+00
6.90000000e+00
7.05000000e+00
7.20000000e+00
7.35000000e+00
7.50000000e+00
7.65000000e+00
7.80000000e+00
7.95000000e+00
8.10000000e+00
8.25000000e+00
8.40000000e+00
8.55000000e+00
8.70000000e+00
8.85000000e+00
9.00000000e+00
9.15000000e+00
9.30000000e+00
9.45000000e+00
9.60000000e+00
9.75000000e+00
9.90000000e+00
1.00500000e+01
1.02000000e+01
1.03500000e+01
1.05000000e+01
1.06500000e+01
1.08000000e+01
1.09500000e+01
1.11000000e+01
1.12500000e+01
1.14000000e+01
1.15500000e+01
1.17000000e+01
1.18500000e+01
1.20000000e+01
1.21500000e+01
1.23000000e+01
1.24500000e+01
1.26000000e+01
1.27500000e+01
1.29000000e+01
1.30500000e+01
1.32000000e+01
1.33500000e+01
1.35000000e+01
1.36500000e+01
1.38000000e+01
1.39500000e+01
1.41000000e+01
1.42500000e+01
1.44000000e+01
1.45500000e+01
1.47000000e+01
1.48500000e+01
1.50000000e+01
1.51500000e+01
1.53000000e+01
1.54500000e+01
1.56000000e+01
1.57500000e+01
1.59000000e+01
1.60500000e+01
1.62000000e+01
1.63500000e+01
1.65000000e+01
1.66500000e+01
1.68000000e+01
1.69500000e+01
1.71000000e+01
1.72500000e+01
1.74000000e+01
1.75500000e+01
1.77000000e+01
1.78500000e+01
1.80000000e+01
1.81500000e+01
1.83000000e+01
1.84500000e+01
1.86000000e+01
1.87500000e+01
1.89000000e+01
1.90500000e+01
1.92000000e+01
1.93500000e+01
1.95000000e+01
1.96500000e+01
1.98000000e+01
1.99500000e+01
2.01000000e+01
2.02500000e+01
2.04000000e+01
2.05500000e+01
2.07000000e+01
2.08500000e+01
2.10000000e+01
2.11500000e+01
2.13000000e+01
2.14500000e+01
2.16000000e+01
2.17500000e+01
2.19000000e+01
2.20500000e+01
2.22000000e+01
2.23500000e+01
2.25000000e+01
2.26500000e+01
2.28000000e+01
2.29500000e+01
2.31000000e+01
2.32500000e+01
2.34000000e+01
2.35500000e+01
2.37000000e+01
2.38500000e+01
2.40000000e+01
2.41500000e+01
2.43000000e+01
2.44500000e+01
2.46000000e+01
2.47500000e+01
2.49000000e+01
2.50500000e+01
2.52000000e+01
2.53500000e+01
2.55000000e+01
2.56500000e+01
2.58000000e+01
2.59500000e+01
2.61000000e+01
2.62500000e+01
2.64000000e+01
2.65500000e+01
2.67000000e+01
2.68500000e+01
2.70000000e+01
2.71500000e+01
2.73000000e+01
2.74500000e+01
2.76000000e+01
2.77500000e+01
2.79000000e+01
2.80500000e+01
2.82000000e+01
2.83500000e+01
2.85000000e+01
2.86500000e+01
2.88000000e+01
2.89500000e+01
2.91000000e+01
2.92500000e+01
2.94000000e+01
2.95500000e+01
2.97000000e+01
2.98500000e+01
3.00000000e+01
3.01500000e+01
3.03000000e+01
3.04500000e+01
3.06000000e+01
3.07500000e+01
3.09000000e+01
3.10500000e+01
3.12000000e+01
3.13500000e+01
3.15000000e+01
3.16500000e+01
3.18000000e+01
3.19500000e+01
3.21000000e+01
3.22500000e+01
3.24000000e+01
3.25500000e+01
3.27000000e+01
3.28500000e+01
3.30000000e+01
3.31500000e+01
3.33000000e+01
3.34500000e+01
3.36000000e+01
3.37500000e+01
3.39000000e+01
3.40500000e+01
3.42000000e+01
3.43500000e+01
3.45000000e+01
3.46500000e+01
3.48000000e+01
3.49500000e+01
3.51000000e+01
3.52500000e+01
3.54000000e+01
3.55500000e+01
3.57000000e+01
3.58500000e+01
3.60000000e+01
3.61500000e+01
3.63000000e+01
3.64500000e+01
3.66000000e+01
3.67500000e+01
3.69000000e+01
3.70500000e+01
3.72000000e+01
3.73500000e+01
3.75000000e+01
3.76500000e+01
3.78000000e+01
3.79500000e+01
3.81000000e+01
3.82500000e+01
3.84000000e+01
3.85500000e+01
3.87000000e+01
3.88500000e+01
3.90000000e+01
3.91500000e+01
3.93000000e+01
3.94500000e+01
3.96000000e+01
3.97500000e+01
3.99000000e+01
4.00500000e+01
4.02000000e+01
4.03500000e+01
4.05000000e+01
4.06500000e+01
4.08000000e+01
4.09500000e+01
4.11000000e+01
4.12500000e+01
4.14000000e+01
4.15500000e+01
4.17000000e+01
4.18500000e+01
4.20000000e+01
4.21500000e+01
4.23000000e+01
4.24500000e+01
4.26000000e+01
4.27500000e+01
4.29000000e+01
4.30500000e+01
4.32000000e+01
4.33500000e+01
4.35000000e+01
4.36500000e+01
4.38000000e+01
4.39500000e+01
4.41000000e+01
4.42500000e+01
4.44000000e+01
4.45500000e+01
4.47000000e+01
4.48500000e+01
4.50000000e+01
4.51500000e+01
4.53000000e+01
4.54500000e+01
4.56000000e+01
4.57500000e+01
4.59000000e+01
4.60500000e+01
4.62000000e+01
4.63500000e+01
4.65000000e+01
4.66500000e+01
4.68000000e+01
4.69500000e+01
4.71000000e+01
4.72500000e+01
4.74000000e+01
4.75500000e+01
4.77000000e+01
4.78500000e+01
4.80000000e+01
4.81500000e+01
4.83000000e+01
4.84500000e+01
4.86000000e+01
4.87500000e+01
4.89000000e+01
4.90500000e+01
4.92000000e+01
4.93500000e+01
4.95000000e+01
4.96500000e+01
4.98000000e+01
4.99500000e+01
5.01000000e+01
5.02500000e+01
5.04000000e+01
5.05500000e+01
5.07000000e+01
5.08500000e+01
5.10000000e+01
5.11500000e+01
5.13000000e+01
5.14500000e+01
5.16000000e+01
5.17500000e+01
5.19000000e+01
5.20500000e+01
5.22000000e+01
5.23500000e+01
5.25000000e+01
5.26500000e+01
5.28000000e+01
5.29500000e+01
5.31000000e+01
5.32500000e+01
5.34000000e+01
5.35500000e+01
5.37000000e+01
5.38500000e+01
5.40000000e+01
5.41500000e+01
5.43000000e+01
5.44500000e+01
5.46000000e+01
5.47500000e+01
5.49000000e+01
5.50500000e+01
5.52000000e+01
5.53500000e+01
5.55000000e+01
5.56500000e+01
5.58000000e+01
5.59500000e+01
5.61000000e+01
5.62500000e+01
5.64000000e+01
5.65500000e+01
5.67000000e+01
5.68500000e+01
5.70000000e+01
5.71500000e+01
5.73000000e+01
5.74500000e+01
5.76000000e+01
5.77500000e+01
5.79000000e+01
5.80500000e+01
5.82000000e+01
5.83500000e+01
5.85000000e+01
5.86500000e+01
5.88000000e+01
5.89500000e+01
5.91000000e+01
5.92500000e+01
5.94000000e+01
5.95500000e+01
5.97000000e+01
5.98500000e+01
6.00000000e+01
6.01500000e+01
6.03000000e+01
6.04500000e+01
6.06000000e+01
6.07500000e+01
6.09000000e+01
6.10500000e+01
6.12000000e+01
6.13500000e+01
6.15000000e+01
6.16500000e+01
6.18000000e+01
6.19500000e+01
6.21000000e+01
6.22500000e+01
6.24000000e+01
6.25500000e+01
6.27000000e+01
6.28500000e+01
6.30000000e+01
6.31500000e+01
6.33000000e+01
6.34500000e+01
6.36000000e+01
6.37500000e+01
6.39000000e+01
6.40500000e+01
6.42000000e+01
6.43500000e+01
6.45000000e+01
6.46500000e+01
6.48000000e+01
6.49500000e+01
6.51000000e+01
6.52500000e+01
6.54000000e+01
6.55500000e+01
6.57000000e+01
6.58500000e+01
6.60000000e+01
6.61500000e+01
6.63000000e+01
6.64500000e+01
6.66000000e+01
6.67500000e+01
6.69000000e+01
6.70500000e+01
6.72000000e+01
6.73500000e+01
6.75000000e+01
6.76500000e+01
6.78000000e+01
6.79500000e+01
6.81000000e+01
6.82500000e+01
6.84000000e+01
6.85500000e+01
6.87000000e+01
6.88500000e+01
6.90000000e+01
6.91500000e+01
6.93000000e+01
6.94500000e+01
6.96000000e+01
6.97500000e+01
6.99000000e+01
7.00500000e+01
7.02000000e+01
7.03500000e+01
7.05000000e+01
7.06500000e+01
7.08000000e+01
7.09500000e+01
7.11000000e+01
7.12500000e+01
7.14000000e+01
7.15500000e+01
7.17000000e+01
7.18500000e+01
7.20000000e+01
7.21500000e+01
7.23000000e+01
7.24500000e+01
7.26000000e+01
7.27500000e+01
7.29000000e+01
7.30500000e+01
7.32000000e+01
7.33500000e+01
7.35000000e+01
7.36500000e+01
7.38000000e+01
7.39500000e+01
7.41000000e+01
7.42500000e+01
7.44000000e+01
7.45500000e+01
7.47000000e+01
7.48500000e+01
7.50000000e+01
7.51500000e+01
7.53000000e+01
7.54500000e+01
7.56000000e+01
7.57500000e+01
7.59000000e+01
7.60500000e+01
7.62000000e+01
7.63500000e+01
7.65000000e+01
7.66500000e+01
7.68000000e+01
7.69500000e+01
7.71000000e+01
7.72500000e+01
7.74000000e+01
7.75500000e+01
7.77000000e+01
7.78500000e+01
7.80000000e+01
7.81500000e+01
7.83000000e+01
7.84500000e+01
7.86000000e+01
7.87500000e+01
7.89000000e+01
7.90500000e+01
7.92000000e+01
7.93500000e+01
7.95000000e+01
7.96500000e+01
7.98000000e+01
7.99500000e+01
8.01000000e+01
8.02500000e+01
8.04000000e+01
8.05500000e+01
8.07000000e+01
8.08500000e+01
8.10000000e+01
8.11500000e+01
8.13000000e+01
8.14500000e+01
8.16000000e+01
8.17500000e+01
8.19000000e+01
8.20500000e+01
8.22000000e+01
8.23500000e+01
8.25000000e+01
8.26500000e+01
8.28000000e+01
8.29500000e+01
8.31000000e+01
8.32500000e+01
8.34000000e+01
8.35500000e+01
8.37000000e+01
8.38500000e+01
8.40000000e+01
8.41500000e+01
8.43000000e+01
8.44500000e+01
8.46000000e+01
8.47500000e+01
8.49000000e+01
8.50500000e+01
8.52000000e+01
8.53500000e+01
8.55000000e+01
8.56500000e+01
8.58000000e+01
8.59500000e+01
8.61000000e+01
8.62500000e+01
8.64000000e+01
8.65500000e+01
8.67000000e+01
8.68500000e+01
8.70000000e+01
8.71500000e+01
8.73000000e+01
8.74500000e+01
8.76000000e+01
8.77500000e+01
8.79000000e+01
8.80500000e+01
8.82000000e+01
8.83500000e+01
8.85000000e+01
8.86500000e+01
8.88000000e+01
8.89500000e+01
8.91000000e+01
8.92500000e+01
8.94000000e+01
8.95500000e+01
8.97000000e+01
8.98500000e+01
